         200        4139           1         0.1           0
         400      3941.4           0         0.1           0
         600      3743.9           0         0.1           0
         800      3546.3           0        0.15           0
        1000      3348.8           0        0.15          17
        1200      3151.3           0        0.25           9
        1400      2953.8           0         0.3           0
        1500      2855.1           0         0.3           0
        1600      2756.3           0        0.35        1500
        1700      2657.6           0         0.4           0
        1800      2558.9           0        0.45           0
        1900      2460.2           0         0.5           0
        2000      2361.5           0         0.6         332
        2100      2262.8           0         0.7        5000
        2150      2213.5           0        0.75           0
        2200      2164.2           0        0.85           0
        2250      2114.9           0         0.9           9
        2300      2065.6           0           1         307
        2350      2016.3           0         1.3           4
        2400        1967           0         1.4           7
        2450      1917.7           0         1.5           0
        2500      1868.5           0        1.65         102
        2525      1843.9           0         1.7           0
        2550      1819.2           0         1.6         200
        2575      1794.6           0        1.85           0
        2600        1770           0         1.9           4
        2625      1745.3           0           2           0
        2650      1720.8           0        2.05           0
        2675      1696.1           0        2.15           3
        2700      1671.5           0        2.25          15
        2725      1646.9           0        2.35          34
        2750      1622.3           0         2.4        5000
        2775      1597.7           0         2.5           0
        2800      1573.1           0        2.45           4
        2825      1548.5           0        2.55           1
        2850        1524           0         2.7           2
        2875      1499.4           0         2.8         319
        2900      1474.8           0         2.9          10
        2925      1450.2           0         3.1           0
        2950      1425.6           0         3.2         185
        2975      1401.1           0         3.3         201
        3000      1376.6           0         3.5        1457
        3025        1352           0         3.6          16
        3050      1327.4           0         3.8           8
        3075      1302.9           0         3.9           0
        3100      1278.4           0         4.1           3
        3125      1253.8           0         4.3          18
        3150      1229.3           0         4.5           1
        3175      1204.8           0         4.7         200
        3200      1180.3           0         4.9           6
        3225      1155.9           0         5.1         200
        3250      1131.4           0         5.3        6526
        3275      1106.9           0         5.5         109
        3300      1082.5           0         5.8         128
        3325      1058.1           0         6.1          18
        3330      1053.2           0         6.1         190
        3340      1043.4           0         6.3         264
        3350      1033.7           0         6.4           2
        3360      1023.9           0         6.5           0
        3370      1014.1           0         6.6           0
        3375      1009.3           0         6.7         202
        3380      1004.4           0         6.8           0
        3390       994.7           0         6.9           1
        3400       984.9           0           7         377
        3410       975.2           0         7.2           0
        3420       965.4           0         7.3           0
        3425       960.5           0         7.4           2
        3430       955.7           0         7.5           0
        3440       945.9           0         7.6           1
        3450       936.2           0         7.8          39
        3460       926.5           0         7.9           2
        3470       916.8           0         8.1           2
        3475       911.9           0         8.2        1610
        3480       907.1           0         8.3           1
        3490       897.4           0         8.4           2
        3500       887.7           2         8.6         964
        3510         878           0         8.8           0
        3520       868.3           0           9           0
        3525       863.5           0         9.1           1
        3530       858.6           0         9.2           7
        3540       848.9           0         9.4          89
        3550       839.2           0         9.6         187
        3560       829.6           0         9.8           2
        3570       819.9           0          10           0
        3575       815.1           0        10.2           4
        3580       810.3           0        10.3          37
        3590       800.6           0        10.5          56
        3600         791           0        10.7         829
        3610       781.4           0          11           2
        3620       771.7           0        11.3           0
        3625       766.9           0        11.4           2
        3630       762.1           0        11.5           0
        3640       752.5           0        11.8           0
        3650       742.9           0        12.1         259
        3660       733.3           0        12.4          54
        3670       723.8           0        12.7           0
        3675       718.9           0        12.8           4
        3680       714.2           0          13          54
        3690       704.6           0        13.3           0
        3700         695           0        13.6        1557
        3710       685.5           0          14           0
        3720         676           0        14.3           1
        3725       671.2           0        14.5           0
        3730       666.4           0        14.7           0
        3740       656.9           0          15           0
        3750       647.4           0        15.4         114
        3760         638           0        15.8           0
        3770       628.5           0        16.2           1
        3775       623.8           0        16.5           5
        3780         619           0        16.7           0
        3790       609.6           0        17.1           0
        3800       599.4           0        17.6        1538
        3810       590.7           0          18           0
        3820       581.3           0        18.5           1
        3825       576.6           0        18.8           7
        3830         572           0          19           0
        3840       562.6           0        19.5           0
        3850       552.5           0        20.1          14
        3860       543.9           0        20.6           0
        3870       534.6           0        21.2           0
        3875       529.9           0        21.5         117
        3880       525.3           0        21.8           0
        3885       520.6           0        22.1           0
        3890         516           0        22.4           3
        3895       511.4           0        22.7           5
        3900       506.2           2          23        5975
        3905       502.1           0        23.3           3
        3910       497.5           0        23.7           0
        3915       492.9           0          24           2
        3920       488.3           0        24.3          22
        3925       483.7           0        24.7        4061
        3930       479.1           0          25          25
        3935       474.5           0        25.4           0
        3940       469.9           0        25.8           0
        3945       465.3           0        26.1           9
        3950       460.2           0        26.5         188
        3955       456.2           0        26.9           0
        3960       451.6           0        27.3        4808
        3965       447.1           0        27.7           0
        3970       442.5           0        28.1           0
        3975         438           0        28.5           9
        3980       433.5           0        28.9           0
        3985       428.9           0        29.3         200
        3990       424.4           1        29.7          10
        3995       419.9           0        30.2           0
        4000       414.5        1009        30.6        1460
        4005       410.9           0          31           0
        4010       406.4           0        31.5           0
        4015       401.9           0          32           0
        4020       397.5           0        32.4           0
        4025         393           0        32.9         133
        4030       388.5           0        33.4           0
        4035         384           0        33.9           0
        4040       379.6           0        34.4           0
        4045       375.2           0        34.9          87
        4050       370.3           0        35.4           8
        4055       366.3           0        35.9         200
        4060       361.9           0        36.5          18
        4065       357.5           0          37           0
        4070       353.1           0        37.6           0
        4075       348.4          52        38.2         250
        4080       344.3           0        38.7           2
        4085         340           0        39.3           0
        4090       335.6           0        39.9           0
        4095       331.3           0        40.5           9
        4100       326.7           1        41.1        1908
        4105       322.6           0        41.7           0
        4110       318.3           0        42.4          57
        4115         314           0          43         141
        4120       309.7           0        43.6          70
        4125       305.4           0        44.3          60
        4130       301.1           0        44.9         300
        4135       296.9           0        45.6          13
        4140       292.6           0        46.3         260
        4145       288.4           0          47           0
        4150       284.1          48        47.8         102
        4155       279.9           0        48.5           0
        4160       275.7           0        49.2           0
        4165       271.5           0          50           0
        4170       267.4           0        50.8           0
        4175       263.2          68        51.6         170
        4180       259.1           0        52.4           1
        4185       254.9           0        53.2         217
        4190       250.8           0          54          19
        4195       246.7           0        54.9          70
        4200       242.6          54        55.7         785
        4205       238.5           0        56.6           1
        4210       234.5           0        57.6         204
        4215       230.4           0        58.4           0
        4220       226.4           0        59.3          17
        4225       222.4           0        60.2           0
        4230       218.4           0        61.2           0
        4235       214.5           0        62.2           0
        4240       210.5           0        63.2           5
        4245       206.6           0        64.2           4
        4250       202.7           3        65.3         828
        4255       198.8           0        66.3           3
        4260       194.9           1        67.4           0
        4265       191.1           0        68.5           0
        4270       187.2           0        69.6           0
        4275       183.4           0        70.7         157
        4280       179.7           0        71.9           0
        4285       175.9           0        73.1           0
        4290       172.2           0        74.3           0
        4295       168.5           0        75.5           2
        4300       164.5         723        76.8        1246
        4305       161.1          54        78.1           0
        4310       157.5           0        79.4          30
        4315       153.9         200        80.9         200
        4320       150.3           1        82.1           0
        4325       146.8         101        83.5          65
        4330       143.3           0          85           0
        4335       139.8           0        86.4           2
        4340       136.3           4        87.9          55
        4345       132.9         102        89.5           3
        4350       128.9        2098        91.1         287
        4355       125.8         266        92.7           0
        4360       122.6           7        94.4          26
        4365       119.3          24          96           6
        4370       116.4          10        97.8          10
        4375       112.9          13        99.5          21
        4380         110           6       101.3          80
        4385       106.9        3005       103.1        2998
        4390       103.9        9587         105        9479
        4395       100.8        6293         107        6249
        4400        97.5        7553       108.9        7972
        4405        94.5        1220       110.9        1140
        4410        91.7           7       113.1           8
        4415        88.8           0       114.9           3
        4420          86           2       117.8          13
        4425        83.3         244       119.9           0
        4430        80.6         253       122.3           5
        4435        78.2          50       124.6           0
        4440        75.6           3       126.9          13
        4445        73.1           0       129.3           0
        4450        70.6         515       131.5          45
        4455        67.9           1       134.3           0
        4460        65.5          18       136.9           8
        4465        63.1           2       139.5           0
        4470        60.8          20       142.2           0
        4475        58.6           1         145           0
        4480        56.5           0       147.8           7
        4485        54.3           0       150.6           0
        4490        52.3           0       153.5           0
        4495        50.3           1       156.5           0
        4500        48.3        1834       159.5          10
        4505        46.5           0       162.6           0
        4510        44.6           0       165.7           0
        4515          43          33       168.9           0
        4520        41.3           0       172.1           0
        4525        39.6        1980       175.4           0
        4530          38         302       178.7           0
        4535        36.4           0       182.1           0
        4540        34.9         152       185.6           0
        4545        33.4           7       189.1           0
        4550          32         354       192.6           0
        4555        30.6          14       196.2           0
        4560        29.3          28       199.9           0
        4565          28           0       203.6           0
        4570        26.8           0       207.3           0
        4575        25.6          62       211.1           0
        4580        24.5          50       214.9           0
        4585        23.4           0       218.8           0
        4590        22.3          55       222.7           0
        4595        21.3           0       226.6           0
        4600        20.2        1371       230.6          76
        4605        19.3           0       234.6           0
        4610        18.4           0       238.7           0
        4620        16.7           0       246.9           0
        4625        16.1           1       251.1           0
        4630        15.3           4       255.3           0
        4640        13.9           0       263.8           0
        4650        12.6         530       271.7          50
        4660        11.4         433       281.2           0
        4670        10.3           4         290           0
        4675         9.8          32       294.5           0
        4680         9.4           2       298.9           0
        4690         8.4           0       307.9           0
        4700         7.6        1188         317           0
        4710         6.9          25       326.2           0
        4720         6.2           1       335.4           0
        4725         5.9           5       340.1           0
        4730         5.6           0       344.7           0
        4740           5           2       354.1           0
        4750         4.6         464       363.5           0
        4775         3.5          18       387.2           0
        4800        2.75          64       411.2           0
        4825        2.15         158       435.3           0
        4850         1.7         469       459.6           0
        4875         1.6         463         484           0
        4900        1.35          80       508.4           0
        4925         1.2           0       532.9           0
        4950         0.8           0       557.5           0
        4975        0.65           0       582.1           0
        5000        0.55        1355       606.7        1017
        5050        0.45           0         656           0
        5100        0.35           4       705.3           0
        5150         0.3           0       754.7           0
        5200        0.25           0         804           0
        5300         0.2           0       902.7           0
        5400        0.15          40      1001.5           0
        5500        0.15           0      1100.2           0
        5600        0.15           0      1198.9           0
        5700        0.15           0      1297.7           0
        5800         0.1           0      1396.4           0
        6000         0.1           0      1593.9           0
        6200         0.1           0      1791.5           0
        6400         0.1           0        1989           0
        6600         0.1           0      2186.6           0
        6800         0.1           0      2384.1           0
        7000         0.1           0      2581.6           0
        7200         0.1           0      2779.2           0
        7300         0.1           0      2877.9           1
